$fn = 25;


union() {
	translate(v = [0.0, 0.0, -20.0]) {
		union() {
			translate(v = [0.0000000000, 0.0000000000, 0.0]) {
				cylinder(h = 30.0, r1 = 3.2500000000, r2 = 3.2500000000);
			}
		}
	}
	translate(v = [-28.86751, 0.0, -20.0]) {
		union() {
			translate(v = [0.0000000000, 0.0000000000, 0.0]) {
				cylinder(h = 6.0, r1 = 12.0000000000, r2 = 12.0000000000);
			}
			translate(v = [0.0000000000, 0.0000000000, 6.0]) {
				cylinder(h = 0.0031999999999996476, r1 = 12.0000000000, r2 = 6.0000000000);
			}
			translate(v = [0.0000000000, 0.0000000000, 6.0032]) {
				cylinder(h = 25.9968, r1 = 6.0000000000, r2 = 6.0000000000);
			}
		}
	}
	translate(v = [14.43376, 25.0, -20.0]) {
		union() {
			translate(v = [0.0000000000, 0.0000000000, 0.0]) {
				cylinder(h = 6.0, r1 = 12.0000000000, r2 = 12.0000000000);
			}
			translate(v = [0.0000000000, 0.0000000000, 6.0]) {
				cylinder(h = 0.0031999999999996476, r1 = 12.0000000000, r2 = 6.0000000000);
			}
			translate(v = [0.0000000000, 0.0000000000, 6.0032]) {
				cylinder(h = 25.9968, r1 = 6.0000000000, r2 = 6.0000000000);
			}
		}
	}
	translate(v = [14.43376, -25.0, -20.0]) {
		union() {
			translate(v = [0.0000000000, 0.0000000000, 0.0]) {
				cylinder(h = 6.0, r1 = 12.0000000000, r2 = 12.0000000000);
			}
			translate(v = [0.0000000000, 0.0000000000, 6.0]) {
				cylinder(h = 0.0031999999999996476, r1 = 12.0000000000, r2 = 6.0000000000);
			}
			translate(v = [0.0000000000, 0.0000000000, 6.0032]) {
				cylinder(h = 25.9968, r1 = 6.0000000000, r2 = 6.0000000000);
			}
		}
	}
	multmatrix(m = [[0.5000000016387101, 0.0, 0.8660254028383291, -28.86751], [-0.8660254028383291, 0.0, 0.5000000016387101, 0.0], [0.0, -1.0, 0.0, -17.0], [0, 0, 0, 1]]) {
		union() {
			translate(v = [0.0000000000, 0.0000000000, 0.0]) {
				cylinder(h = 49.999999836129, r1 = 0.8000000000, r2 = 0.8000000000);
			}
		}
	}
	multmatrix(m = [[-1.0, -0.0, 0.0, 14.43376], [0.0, -0.0, -1.0, 25.0], [0.0, -1.0, 0.0, -17.0], [0, 0, 0, 1]]) {
		union() {
			translate(v = [0.0000000000, 0.0000000000, 0.0]) {
				cylinder(h = 50.0, r1 = 0.8000000000, r2 = 0.8000000000);
			}
		}
	}
	multmatrix(m = [[0.5000000016387101, -0.0, -0.8660254028383291, 14.43376], [0.8660254028383291, 0.0, 0.5000000016387101, -25.0], [-0.0, -1.0, 0.0, -17.0], [0, 0, 0, 1]]) {
		union() {
			translate(v = [0.0000000000, 0.0000000000, 0.0]) {
				cylinder(h = 49.999999836129, r1 = 0.8000000000, r2 = 0.8000000000);
			}
		}
	}
	multmatrix(m = [[0.5000000016387101, 0.0, 0.8660254028383291, -28.86751], [-0.8660254028383291, 0.0, 0.5000000016387101, 0.0], [0.0, -1.0, 0.0, 10.0], [0, 0, 0, 1]]) {
		union() {
			translate(v = [0.0000000000, 0.0000000000, 0.0]) {
				cylinder(h = 49.999999836129, r1 = 0.8000000000, r2 = 0.8000000000);
			}
		}
	}
	multmatrix(m = [[-1.0, -0.0, 0.0, 14.43376], [0.0, -0.0, -1.0, 25.0], [0.0, -1.0, 0.0, 10.0], [0, 0, 0, 1]]) {
		union() {
			translate(v = [0.0000000000, 0.0000000000, 0.0]) {
				cylinder(h = 50.0, r1 = 0.8000000000, r2 = 0.8000000000);
			}
		}
	}
	multmatrix(m = [[0.5000000016387101, -0.0, -0.8660254028383291, 14.43376], [0.8660254028383291, 0.0, 0.5000000016387101, -25.0], [-0.0, -1.0, 0.0, 10.0], [0, 0, 0, 1]]) {
		union() {
			translate(v = [0.0000000000, 0.0000000000, 0.0]) {
				cylinder(h = 49.999999836129, r1 = 0.8000000000, r2 = 0.8000000000);
			}
		}
	}
	multmatrix(m = [[0.0, -0.0, -1.0, 0.0], [1.0, 0.0, 0.0, 0.0], [-0.0, -1.0, 0.0, 10.0], [0, 0, 0, 1]]) {
		union() {
			translate(v = [0.0000000000, 0.0000000000, 0.0]) {
				cylinder(h = 28.86751, r1 = 0.8000000000, r2 = 0.8000000000);
			}
		}
	}
	multmatrix(m = [[0.866025354730547, 0.0, 0.5000000849638232, 0.0], [-0.5000000849638232, 0.0, 0.866025354730547, 0.0], [0.0, -1.0, 0.0, 10.0], [0, 0, 0, 1]]) {
		union() {
			translate(v = [0.0000000000, 0.0000000000, 0.0]) {
				cylinder(h = 28.867515094611104, r1 = 0.8000000000, r2 = 0.8000000000);
			}
		}
	}
	multmatrix(m = [[-0.866025354730547, 0.0, 0.5000000849638232, 0.0], [-0.5000000849638232, -0.0, -0.866025354730547, 0.0], [0.0, -1.0, 0.0, 10.0], [0, 0, 0, 1]]) {
		union() {
			translate(v = [0.0000000000, 0.0000000000, 0.0]) {
				cylinder(h = 28.867515094611104, r1 = 0.8000000000, r2 = 0.8000000000);
			}
		}
	}
	multmatrix(m = [[0.0, -0.0, -1.0, 0.0], [1.0, 0.0, 0.0, 0.0], [-0.0, -1.0, 0.0, -17.0], [0, 0, 0, 1]]) {
		union() {
			translate(v = [0.0000000000, 0.0000000000, 0.0]) {
				cylinder(h = 28.86751, r1 = 0.8000000000, r2 = 0.8000000000);
			}
		}
	}
	multmatrix(m = [[0.866025354730547, 0.0, 0.5000000849638232, 0.0], [-0.5000000849638232, 0.0, 0.866025354730547, 0.0], [0.0, -1.0, 0.0, -17.0], [0, 0, 0, 1]]) {
		union() {
			translate(v = [0.0000000000, 0.0000000000, 0.0]) {
				cylinder(h = 28.867515094611104, r1 = 0.8000000000, r2 = 0.8000000000);
			}
		}
	}
	multmatrix(m = [[-0.866025354730547, 0.0, 0.5000000849638232, 0.0], [-0.5000000849638232, -0.0, -0.866025354730547, 0.0], [0.0, -1.0, 0.0, -17.0], [0, 0, 0, 1]]) {
		union() {
			translate(v = [0.0000000000, 0.0000000000, 0.0]) {
				cylinder(h = 28.867515094611104, r1 = 0.8000000000, r2 = 0.8000000000);
			}
		}
	}
	multmatrix(m = [[0.0, -0.6595352712133167, -0.7516736166885046, 0.0], [1.0, 0.0, 0.0, 0.0], [-0.0, -0.7516736166885046, 0.6595352712133167, -16.198999999999998], [0, 0, 0, 1]]) {
		union() {
			translate(v = [0.0000000000, 0.0000000000, 0.0]) {
				cylinder(h = 38.404314531053664, r1 = 0.8000000000, r2 = 0.8000000000);
			}
		}
	}
	multmatrix(m = [[0.866025354730547, 0.3297676587605258, 0.3758369010613937, 0.0], [-0.5000000849638232, 0.5711742102552033, 0.6509684605075076, 0.0], [0.0, -0.7516736743926491, 0.6595352054477863, -16.198999999999998], [0, 0, 0, 1]]) {
		union() {
			translate(v = [0.0000000000, 0.0000000000, 0.0]) {
				cylinder(h = 38.40431836053857, r1 = 0.8000000000, r2 = 0.8000000000);
			}
		}
	}
	multmatrix(m = [[-0.866025354730547, 0.3297676587605258, 0.3758369010613937, 0.0], [-0.5000000849638232, -0.5711742102552033, -0.6509684605075076, 0.0], [0.0, -0.7516736743926491, 0.6595352054477863, -16.198999999999998], [0, 0, 0, 1]]) {
		union() {
			translate(v = [0.0000000000, 0.0000000000, 0.0]) {
				cylinder(h = 38.40431836053857, r1 = 0.8000000000, r2 = 0.8000000000);
			}
		}
	}
}